zeroZ 4400
1 -581.14 40.56 4395.46
2 -577.44 12.09 4394.87
3 -578.06 -18.78 4394.74
4 -577.76 -47.72 4394.39
5 -551.12 142.00 4398.25
6 -552.24 116.51 4397.38
7 -559.06 84.15 4397.68
8 -558.88 52.83 4395.05
9 -551.74 26.85 4395.18
10 -552.00 -2.41 4394.98
11 -552.35 -33.52 4395.23
12 -551.23 -62.95 4394.37
14 -552.07 -123.30 4394.37
15 -552.08 -153.39 4394.32
16 -526.50 221.40 4400.75
17 -515.18 180.49 4404.53
18 -523.42 154.93 4398.47
19 -532.08 126.26 4397.79
20 -525.04 101.77 4396.62
21 -523.69 74.13 4396.50
22 -526.30 41.96 4395.77
23 -525.76 11.93 4395.11
24 -525.59 -18.60 4394.95
25 -526.06 -48.26 4395.19
26 -526.25 -78.30 4394.67
27 -526.51 -108.34 4394.54
28 -526.26 -138.34 4394.37
29 -525.10 -166.05 4394.03
30 -526.20 -198.43 4393.00
31 -526.17 -228.44 4393.06
32 -500.03 266.32 4402.53
33 -500.99 236.45 4400.45
34 -499.25 209.36 4400.58
35 -493.87 170.31 4404.66
36 -500.76 140.11 4401.20
38 -500.10 82.26 4397.23
39 -499.88 55.88 4395.97
40 -500.12 26.57 4395.74
41 -499.98 -3.49 4394.95
42 -500.20 -33.22 4395.54
43 -500.24 -63.34 4394.99
44 -500.15 -93.32 4394.25
45 -500.19 -123.15 4394.72
46 -499.33 -154.94 4393.94
47 -500.25 -183.39 4392.92
48 -500.28 -213.38 4392.92
49 -500.18 -243.38 4392.87
50 -500.25 -273.37 4392.80
51 -463.16 307.17 4403.61
52 -478.52 272.32 4401.83
53 -474.60 251.45 4399.91
54 -475.44 221.63 4400.17
55 -469.57 191.62 4398.62
56 -472.78 159.69 4399.83
57 -481.20 122.22 4398.27
60 -475.77 37.96 4398.25
61 -474.09 11.82 4396.69
62 -473.75 -18.77 4395.59
63 -474.55 -48.79 4395.83
64 -474.14 -78.58 4394.81
65 -474.19 -108.33 4394.72
66 -474.23 -139.05 4393.24
67 -474.27 -172.45 4393.54
68 -474.31 -198.42 4393.11
69 -474.20 -228.39 4393.00
70 -474.25 -258.39 4393.25
71 -474.25 -288.36 4393.01
72 -474.26 -318.49 4393.09
73 -444.30 356.74 4404.63
74 -445.09 328.94 4403.59
75 -446.37 297.81 4402.63
76 -448.18 267.63 4399.84
77 -448.09 239.98 4399.52
78 -443.61 206.85 4397.94
79 -445.01 180.06 4396.71
80 -445.62 148.54 4395.32
81 -441.15 122.21 4396.59
82 -450.78 97.57 4398.20
83 -461.64 64.71 4398.34
84 -441.80 29.26 4406.81
85 -448.62 -3.83 4397.26
86 -448.30 -33.23 4395.85
87 -448.20 -63.24 4395.34
88 -448.25 -93.59 4394.60
89 -448.32 -123.77 4393.71
90 -448.09 -143.48 4393.77
91 -448.26 -183.43 4393.44
92 -448.26 -213.43 4392.90
93 -448.32 -243.38 4393.02
94 -448.29 -273.42 4393.04
95 -448.25 -303.39 4393.09
96 -448.29 -333.37 4392.43
97 -424.34 360.27 4404.20
98 -418.16 335.75 4402.17
99 -421.45 313.63 4401.69
100 -419.38 286.98 4400.25
101 -418.82 250.80 4398.86
102 -422.04 220.83 4396.89
103 -417.81 192.09 4396.15
104 -422.63 161.96 4395.19
105 -422.11 131.67 4395.07
106 -422.25 101.79 4396.53
107 -421.81 72.03 4396.91
108 -422.42 41.09 4399.14
109 -419.94 10.60 4405.72
110 -425.57 -22.30 4396.94
111 -421.87 -48.45 4395.62
112 -422.77 -78.08 4395.33
113 -422.02 -109.40 4393.44
114 -421.71 -135.41 4393.84
115 -422.21 -173.37 4393.37
116 -422.25 -198.47 4393.16
117 -422.21 -228.39 4392.46
118 -422.26 -258.46 4392.50
119 -422.39 -288.43 4392.63
120 -422.32 -318.32 4392.50
121 -422.31 -348.37 4392.77
122 -422.31 -378.37 4392.26
124 -396.06 385.73 4404.16
125 -398.55 356.52 4401.77
126 -395.97 326.33 4400.85
127 -400.42 293.18 4400.58
128 -399.30 266.28 4399.44
129 -395.41 236.24 4397.53
130 -396.00 206.65 4395.84
131 -396.13 176.57 4396.36
132 -396.30 147.28 4395.83
133 -399.33 116.54 4396.04
134 -396.11 79.48 4395.64
135 -395.66 56.50 4396.19
136 -395.42 26.65 4397.31
137 -397.60 -5.94 4404.84
138 -396.07 -34.13 4397.82
139 -396.09 -64.00 4395.62
140 -397.09 -93.07 4393.97
141 -396.55 -123.35 4393.33
142 -396.29 -164.36 4393.26
143 -396.39 -183.58 4393.06
144 -396.27 -213.42 4392.84
145 -396.34 -243.41 4392.44
146 -396.31 -273.38 4392.62
147 -396.33 -303.39 4392.42
148 -396.33 -333.37 4392.34
149 -396.27 -363.42 4392.76
150 -396.33 -393.37 4392.63
153 -370.59 365.61 4402.29
154 -372.43 343.55 4400.78
155 -363.36 312.14 4399.47
156 -370.21 281.55 4398.43
157 -372.92 250.93 4397.33
158 -370.21 221.40 4395.42
159 -374.29 187.60 4395.39
160 -370.39 161.54 4395.44
161 -370.31 131.55 4395.37
162 -372.12 103.39 4395.49
163 -370.27 71.67 4395.38
164 -370.34 41.51 4395.23
165 -370.31 12.73 4394.90
166 -364.69 -21.15 4406.01
167 -371.29 -48.52 4398.52
168 -369.20 -79.24 4395.96
169 -370.47 -108.38 4395.81
170 -370.11 -133.09 4394.38
171 -370.19 -178.36 4393.45
172 -370.33 -198.37 4393.10
173 -370.31 -228.45 4393.34
174 -370.35 -258.35 4393.29
175 -370.34 -288.36 4392.31
176 -370.37 -318.38 4392.01
177 -370.37 -348.36 4392.30
178 -370.34 -378.37 4392.36
179 -370.34 -408.37 4392.11
180 -370.34 -438.37 4392.35
183 -351.49 382.21 4402.88
184 -344.43 356.45 4400.87
185 -348.42 326.70 4399.85
186 -344.23 296.18 4398.26
187 -342.35 266.52 4396.94
188 -342.34 239.56 4395.11
189 -344.30 211.51 4395.20
190 -354.27 176.54 4395.39
191 -338.24 146.30 4395.40
192 -348.65 114.77 4395.25
193 -344.37 86.70 4395.28
194 -350.74 51.49 4394.90
195 -349.36 26.50 4395.00
196 -347.21 -1.26 4394.76
197 -348.17 -37.42 4404.53
198 -347.53 -66.86 4397.34
199 -349.35 -93.22 4395.53
200 -343.70 -124.94 4393.62
201 -346.39 -155.34 4393.41
202 -344.70 -183.77 4393.16
203 -344.28 -213.40 4393.85
204 -344.31 -243.30 4393.96
205 -344.37 -273.32 4395.60
206 -344.32 -303.41 4392.76
207 -344.25 -333.30 4392.07
208 -344.36 -363.41 4392.11
209 -344.36 -393.42 4392.21
210 -344.27 -423.49 4392.15
211 -344.31 -453.46 4391.97
214 -317.54 400.43 4402.10
215 -311.18 364.26 4399.89
216 -318.48 341.73 4399.24
217 -320.10 311.53 4397.91
218 -318.52 281.52 4396.44
219 -318.45 251.50 4395.43
220 -320.27 221.51 4394.82
221 -318.34 191.56 4395.38
222 -318.64 161.37 4395.50
223 -318.32 131.42 4395.09
224 -318.43 101.62 4395.37
225 -318.42 71.68 4395.33
226 -315.10 41.44 4394.92
227 -317.03 7.84 4394.84
228 -317.52 -21.09 4395.12
229 -318.19 -39.54 4395.22
230 -312.66 -88.13 4395.14
231 -303.38 -111.33 4395.62
233 -321.26 -168.42 4394.01
234 -318.35 -198.47 4394.40
235 -318.38 -228.37 4395.33
236 -318.31 -258.27 4395.94
237 -318.30 -288.35 4395.90
238 -318.36 -318.43 4392.46
239 -318.40 -348.40 4392.07
240 -318.42 -378.38 4391.79
241 -318.33 -408.48 4392.32
242 -318.46 -438.43 4392.71
243 -318.38 -468.42 4393.55
246 -296.27 411.71 4402.25
247 -286.44 393.54 4400.85
248 -292.57 356.50 4399.04
249 -292.48 326.77 4396.67
250 -292.33 296.52 4396.02
251 -292.33 265.96 4396.40
252 -291.41 236.55 4395.83
253 -292.35 206.50 4395.42
254 -292.29 176.42 4395.65
255 -292.31 146.53 4395.51
256 -288.26 125.42 4394.90
257 -292.37 86.51 4395.07
258 -292.86 55.73 4395.08
259 -292.38 26.49 4394.90
260 -291.17 -4.43 4394.17
261 -291.74 -35.20 4394.04
262 -289.80 -63.14 4393.93
263 -282.40 -96.37 4394.29
265 -287.36 -153.31 4393.55
266 -299.32 -191.30 4396.98
267 -292.40 -217.37 4397.99
268 -292.29 -243.26 4396.74
269 -292.35 -273.24 4395.53
270 -292.28 -303.37 4394.77
271 -292.32 -333.30 4392.52
272 -292.39 -363.41 4392.79
273 -292.37 -393.42 4392.83
274 -292.40 -423.39 4393.96
275 -292.40 -453.36 4395.29
276 -292.36 -483.32 4395.81
277 -259.18 489.96 4403.74
278 -264.55 461.55 4402.84
279 -268.40 431.59 4401.97
280 -258.71 401.41 4399.67
281 -274.60 371.67 4398.68
282 -266.52 341.51 4396.36
283 -266.39 310.98 4395.54
284 -266.44 281.55 4396.27
285 -270.80 250.99 4395.46
286 -276.48 221.66 4395.63
287 -266.88 182.00 4395.06
288 -266.29 161.37 4394.97
289 -266.75 131.90 4395.60
290 -258.35 101.68 4395.48
291 -258.55 71.64 4394.90
292 -256.40 41.67 4394.97
293 -271.95 4.04 4394.52
294 -266.48 -18.52 4394.18
295 -271.10 -48.53 4393.67
296 -256.44 -73.86 4394.39
297 -266.42 -108.37 4393.72
298 -266.35 -138.36 4394.06
299 -266.38 -168.33 4397.48
300 -266.44 -201.41 4403.38
301 -266.42 -228.37 4399.41
302 -266.42 -258.37 4396.88
303 -266.33 -288.33 4396.54
304 -266.33 -318.35 4396.02
305 -266.30 -348.35 4395.22
306 -266.44 -378.36 4394.42
307 -266.39 -408.40 4395.68
308 -266.39 -438.42 4395.68
309 -266.43 -468.42 4396.00
310 -266.42 -498.37 4395.63
311 -241.49 506.43 4403.47
312 -240.43 476.22 4402.09
313 -240.49 447.26 4400.67
314 -239.89 409.46 4399.06
315 -240.67 386.68 4398.12
316 -240.55 356.54 4396.17
317 -240.28 326.42 4395.75
318 -240.46 296.81 4395.69
319 -240.45 266.62 4395.51
320 -240.18 236.65 4395.35
321 -240.14 206.36 4395.48
322 -240.40 176.48 4395.11
323 -240.44 146.66 4395.20
324 -240.58 116.56 4395.02
325 -239.86 86.47 4395.30
326 -240.46 56.53 4394.74
329 -244.43 -41.55 4394.21
330 -239.94 -62.68 4394.22
331 -234.46 -101.30 4394.38
332 -240.41 -123.34 4393.96
333 -240.38 -153.33 4394.11
334 -240.47 -183.38 4399.16
335 -240.44 -213.37 4402.92
336 -240.44 -243.37 4400.83
337 -240.44 -277.37 4397.70
338 -240.42 -307.34 4397.54
339 -240.43 -333.30 4397.89
340 -240.36 -363.33 4397.14
341 -240.45 -393.40 4396.49
342 -240.33 -423.39 4396.64
343 -240.44 -453.37 4396.33
344 -240.44 -483.37 4395.81
345 -240.44 -513.37 4395.65
346 -214.61 521.62 4403.16
347 -214.46 492.08 4401.61
348 -212.69 463.65 4400.10
349 -214.29 431.55 4399.23
350 -214.70 401.98 4397.22
351 -213.92 370.43 4395.59
352 -213.92 341.49 4395.35
353 -213.76 313.29 4395.94
354 -214.42 281.48 4395.42
355 -214.27 251.56 4395.42
356 -214.44 213.29 4395.53
357 -214.30 191.55 4395.27
358 -214.76 161.14 4395.17
359 -214.61 132.38 4396.01
360 -213.83 100.96 4395.10
361 -214.52 71.09 4395.29
365 -214.46 -48.32 4394.56
366 -214.47 -78.40 4394.41
367 -214.43 -108.33 4394.27
368 -213.41 -142.37 4394.04
369 -214.45 -168.31 4394.82
370 -212.41 -200.34 4396.92
371 -214.54 -228.30 4398.17
372 -212.46 -258.36 4399.10
373 -214.53 -288.32 4400.42
374 -214.46 -318.37 4403.03
375 -214.46 -348.37 4400.05
376 -214.46 -378.37 4397.05
377 -214.46 -408.37 4397.05
378 -214.46 -438.37 4396.84
379 -214.46 -468.37 4396.06
380 -214.46 -498.37 4396.08
381 -214.46 -528.37 4395.94
382 -184.69 532.97 4402.22
383 -187.51 509.28 4401.33
384 -188.59 475.94 4399.92
385 -188.52 446.55 4399.58
386 -188.54 416.75 4396.91
387 -188.66 386.58 4396.41
388 -187.96 356.69 4395.69
389 -188.60 326.93 4395.68
390 -188.38 296.59 4395.60
391 -188.21 266.83 4395.45
392 -188.27 227.36 4395.38
393 -188.27 206.51 4395.74
394 -188.20 176.19 4395.39
395 -188.99 147.13 4396.31
396 -188.28 117.02 4395.13
397 -187.90 85.70 4395.18
399 -188.53 -33.27 4393.87
400 -188.50 -63.21 4394.02
401 -188.47 -93.33 4393.81
402 -188.44 -123.28 4394.47
403 -185.38 -150.31 4394.87
404 -188.47 -183.32 4395.02
405 -190.77 -212.98 4396.04
406 -188.33 -243.31 4396.63
407 -188.48 -273.37 4397.89
408 -188.58 -303.37 4399.76
409 -188.52 -333.36 4404.86
410 -188.48 -365.37 4400.83
411 -188.48 -393.37 4398.50
412 -188.48 -423.37 4397.23
413 -188.48 -453.37 4397.20
414 -188.48 -483.37 4397.21
415 -188.48 -513.37 4396.77
416 -188.48 -543.37 4396.56
417 -162.80 551.56 4401.93
418 -158.73 521.67 4400.43
419 -162.58 491.68 4399.32
420 -162.64 461.61 4397.73
421 -162.65 431.81 4396.04
422 -162.38 401.88 4396.73
423 -163.19 372.18 4395.99
424 -162.61 341.81 4395.70
425 -162.51 311.67 4395.65
426 -162.44 281.53 4395.63
427 -162.44 251.50 4395.46
428 -162.42 221.70 4395.73
429 -162.45 191.66 4395.58
430 -162.85 162.75 4395.90
431 -162.33 130.91 4395.20
432 -162.51 101.21 4395.05
433 -156.90 -48.88 4393.85
434 -162.57 -78.32 4394.39
435 -162.47 -108.27 4394.26
436 -162.44 -138.38 4394.63
437 -162.46 -168.30 4394.79
438 -162.60 -198.37 4394.44
439 -162.50 -228.37 4395.47
440 -162.50 -258.37 4395.83
441 -162.44 -288.30 4397.71
442 -162.46 -318.32 4399.75
443 -162.41 -358.37 4401.40
444 -157.47 -381.36 4399.06
445 -162.46 -408.42 4398.58
446 -162.50 -438.37 4397.67
447 -162.50 -468.39 4397.29
448 -162.50 -498.37 4397.69
449 -162.50 -528.37 4398.19
450 -136.58 536.49 4400.54
451 -136.58 506.53 4399.92
452 -136.69 476.51 4398.00
453 -137.30 446.61 4396.21
454 -136.52 416.08 4395.74
455 -136.21 386.26 4396.78
456 -136.61 356.90 4395.99
457 -136.23 326.50 4395.69
458 -136.37 296.45 4395.79
459 -132.39 260.42 4395.88
460 -136.26 236.44 4395.82
461 -136.43 206.66 4395.51
462 -136.62 177.33 4395.74
463 -135.74 146.94 4395.52
464 -136.30 116.08 4395.47
465 -130.09 -100.00 4394.12
466 -141.96 -123.29 4395.01
467 -136.52 -153.29 4394.83
468 -136.46 -183.37 4395.04
469 -136.52 -213.37 4395.57
470 -136.52 -243.37 4395.79
471 -136.52 -273.37 4396.54
472 -136.52 -303.37 4397.67
473 -132.01 -333.38 4401.38
474 -135.52 -364.37 4400.43
475 -136.52 -393.37 4399.65
476 -134.52 -418.87 4400.31
477 -136.56 -453.39 4398.63
478 -136.52 -483.37 4398.40
479 -130.51 -507.37 4399.90
480 -136.51 -553.37 4399.97
481 -115.07 551.65 4400.66
482 -110.92 521.51 4399.25
483 -110.59 491.59 4397.67
484 -110.59 461.58 4396.27
485 -110.54 431.84 4396.28
486 -110.59 401.78 4395.68
487 -110.72 371.93 4395.84
488 -114.36 337.44 4395.61
489 -109.71 311.51 4395.86
490 -110.18 275.94 4395.59
491 -108.80 251.49 4395.33
492 -110.58 221.64 4395.28
493 -110.59 191.79 4396.33
494 -110.67 161.57 4395.52
495 -110.42 131.83 4396.80
496 -110.94 -136.12 4394.56
497 -97.46 -161.24 4394.44
498 -110.51 -200.30 4394.77
499 -110.50 -228.35 4395.73
500 -104.43 -258.36 4396.14
501 -110.46 -288.31 4396.95
502 -110.56 -315.40 4398.57
503 -110.51 -348.30 4401.07
504 -110.54 -378.37 4400.23
505 -110.54 -408.37 4401.36
506 -110.52 -438.38 4401.99
507 -113.48 -468.37 4399.78
508 -110.53 -498.37 4401.07
509 -110.53 -528.37 4398.62
510 -105.53 -558.37 4403.77
511 -84.74 566.37 4400.72
512 -84.52 536.88 4400.26
513 -84.78 506.00 4397.37
514 -84.53 475.92 4396.64
515 -84.69 446.71 4397.08
516 -84.74 416.73 4395.90
517 -83.08 386.64 4396.44
518 -84.38 356.40 4395.62
519 -84.94 326.90 4395.22
520 -84.60 296.64 4395.26
521 -84.43 266.92 4395.19
522 -84.38 236.85 4395.29
523 -84.30 207.41 4395.40
524 -84.55 176.77 4396.06
525 -84.50 146.74 4395.75
526 -90.84 -183.74 4392.92
527 -84.44 -213.38 4394.90
528 -84.47 -243.33 4395.83
529 -84.47 -273.31 4396.58
530 -84.51 -303.41 4398.62
531 -83.45 -329.30 4400.88
532 -89.56 -363.37 4401.84
533 -87.56 -390.37 4402.33
534 -84.58 -423.40 4403.64
535 -84.56 -449.37 4404.33
536 -79.55 -485.37 4405.84
537 -84.55 -508.37 4405.86
538 -84.55 -543.37 4404.97
539 -58.67 551.72 4399.93
540 -61.69 521.80 4397.60
541 -61.81 494.78 4396.68
542 -66.61 461.75 4396.60
543 -61.62 438.70 4396.02
544 -63.67 409.77 4396.36
545 -58.43 371.69 4396.15
546 -58.59 341.66 4395.56
547 -58.21 311.24 4395.37
548 -58.13 280.40 4395.93
549 -58.68 251.71 4395.32
550 -58.59 221.61 4395.66
551 -58.57 191.68 4395.39
552 -58.42 161.85 4395.60
553 -61.57 -228.32 4395.96
554 -58.49 -258.25 4397.43
555 -58.50 -288.34 4398.37
556 -58.51 -318.42 4400.54
557 -58.68 -348.37 4403.90
558 -54.58 -376.37 4404.38
559 -58.57 -408.37 4404.41
560 -63.00 -436.31 4404.71
561 -50.57 -461.37 4407.38
562 -51.57 -498.37 4409.66
563 -58.67 -528.37 4408.41
564 -58.57 -558.37 4409.17
565 -32.90 567.04 4400.12
566 -35.53 545.70 4399.30
567 -32.83 506.65 4397.35
568 -32.39 476.48 4397.30
569 -32.55 446.41 4396.87
570 -32.72 416.58 4396.93
571 -34.72 388.61 4396.50
572 -32.29 356.54 4396.25
573 -32.87 326.70 4396.70
574 -32.63 296.34 4395.74
575 -32.68 266.70 4395.38
576 -32.50 236.50 4395.69
577 -32.92 206.68 4395.50
578 -32.65 176.73 4395.72
579 -29.53 -213.34 4396.50
580 -26.59 -238.37 4397.53
581 -40.58 -273.36 4398.68
582 -32.65 -303.32 4401.41
583 -32.59 -333.37 4404.27
584 -35.59 -363.37 4404.89
585 -32.59 -393.37 4405.19
586 -32.54 -423.42 4405.90
587 -28.59 -453.37 4408.55
588 -32.59 -483.37 4411.67
589 -38.59 -521.37 4409.85
590 -32.59 -543.37 4410.48
591 -32.59 -573.37 4412.09
592 -6.79 551.80 4399.10
593 -6.77 521.72 4397.27
594 -6.44 491.53 4397.43
595 -6.71 461.76 4397.32
596 -6.41 434.42 4396.85
597 -6.75 400.99 4397.64
598 -6.62 371.60 4397.85
599 -6.76 341.33 4397.77
600 -6.73 311.74 4395.65
601 -6.64 281.56 4395.58
602 -6.64 251.64 4395.64
603 -6.68 221.62 4396.08
604 -6.74 191.73 4396.87
605 -6.51 -198.33 4396.34
606 -6.61 -228.37 4397.71
607 -7.57 -259.33 4399.08
608 -9.53 -285.31 4401.74
609 -9.61 -321.37 4405.12
610 -9.61 -348.37 4405.76
611 -6.61 -378.37 4406.51
612 -12.53 -408.29 4406.18
613 -7.61 -433.87 4409.50
614 -9.65 -466.38 4409.48
615 -6.61 -498.37 4413.85
616 -6.61 -528.37 4415.94
617 -6.61 -565.37 4412.47
618 18.88 565.96 4399.70
619 19.18 537.16 4398.21
620 22.31 511.81 4398.31
621 19.51 476.47 4397.11
622 18.44 452.92 4397.29
623 19.47 416.46 4397.89
624 19.61 386.82 4397.79
625 19.78 356.41 4397.99
626 21.32 323.91 4397.96
627 19.73 296.08 4396.04
628 19.24 266.68 4395.81
629 19.44 237.06 4395.88
630 18.58 207.12 4396.00
631 19.43 -183.33 4397.51
632 19.37 -213.37 4398.44
633 19.44 -243.34 4399.87
634 19.40 -273.31 4402.12
635 19.37 -303.37 4406.03
636 19.37 -333.37 4406.57
637 19.38 -363.42 4408.26
638 19.34 -393.31 4409.11
639 19.42 -423.32 4409.42
640 12.40 -453.33 4410.09
641 19.37 -483.37 4411.78
642 19.37 -513.37 4416.35
643 19.37 -543.37 4416.22
645 45.37 551.60 4399.21
646 45.44 522.11 4398.94
647 44.97 500.15 4399.69
648 45.71 461.27 4397.80
649 45.47 435.48 4398.25
650 45.06 401.82 4399.05
651 45.52 371.62 4398.40
652 45.30 341.68 4398.11
653 45.22 311.30 4396.96
654 45.23 281.52 4396.09
655 45.36 251.64 4396.36
656 45.48 221.18 4396.57
657 45.35 -168.37 4397.47
658 45.35 -198.37 4398.90
659 45.39 -228.34 4400.90
660 45.33 -258.31 4403.14
661 45.31 -288.36 4407.26
662 45.35 -318.41 4408.25
663 45.37 -348.37 4409.90
664 45.32 -378.23 4410.56
665 45.38 -408.41 4410.82
666 48.40 -438.37 4410.51
667 40.85 -465.37 4410.62
668 45.35 -493.87 4412.41
669 49.35 -532.37 4416.15
670 49.85 -560.37 4416.65
671 71.32 566.65 4399.84
672 71.18 536.82 4400.39
673 71.68 505.92 4399.44
674 71.43 476.52 4398.86
675 71.64 446.57 4398.21
676 71.42 410.39 4398.70
677 71.40 386.33 4398.71
678 71.20 356.69 4400.12
679 71.15 326.42 4397.62
680 71.16 296.74 4397.46
681 71.22 266.77 4396.85
682 71.43 237.67 4397.31
684 71.33 -153.37 4397.41
685 71.33 -183.37 4398.34
686 71.33 -213.37 4401.88
687 71.33 -237.37 4403.91
688 71.40 -273.25 4407.62
689 71.33 -303.37 4409.28
690 71.34 -337.33 4410.96
691 71.32 -361.35 4411.89
692 71.33 -393.37 4411.01
693 71.33 -423.37 4411.12
694 62.33 -453.37 4411.07
695 71.33 -483.37 4411.50
696 71.33 -515.37 4414.57
697 67.33 -543.37 4416.46
699 92.69 547.72 4400.50
700 97.15 521.76 4400.17
701 97.23 494.25 4399.30
702 97.52 461.45 4398.46
703 97.63 427.74 4398.75
704 97.55 401.50 4399.53
705 97.47 371.30 4399.35
706 97.29 341.73 4399.20
707 93.25 311.82 4398.91
708 96.86 281.95 4397.96
709 95.61 249.69 4397.15
710 97.29 221.68 4398.04
711 97.59 191.47 4397.94
712 109.00 167.19 4397.41
713 97.31 -138.37 4397.93
714 97.31 -168.37 4399.42
715 97.31 -198.37 4402.24
716 97.31 -228.37 4404.74
717 97.31 -258.34 4407.95
718 92.38 -288.39 4410.12
719 95.27 -320.40 4412.23
720 101.80 -346.31 4412.90
721 97.21 -378.37 4411.96
722 97.31 -408.37 4411.67
723 97.32 -438.40 4411.36
724 95.31 -468.37 4411.65
725 101.81 -496.37 4412.20
726 97.31 -528.37 4414.34
727 97.31 -558.37 4415.79
728 130.10 543.78 4401.67
729 121.48 504.86 4400.15
730 122.89 484.45 4399.26
731 123.39 448.11 4398.60
732 122.26 407.32 4399.17
733 122.84 385.78 4399.71
734 123.28 356.57 4399.18
735 123.29 326.95 4399.07
736 120.39 292.66 4399.06
737 123.22 266.81 4398.00
738 123.07 236.86 4399.59
739 123.29 206.71 4399.09
740 123.55 176.60 4398.96
741 123.36 146.80 4396.63
743 123.29 -127.37 4398.69
744 119.38 -153.35 4399.57
745 119.29 -183.37 4401.98
746 119.29 -217.37 4405.05
747 123.29 -243.37 4407.48
748 123.29 -273.37 4410.65
749 119.25 -306.67 4411.92
750 123.11 -333.63 4411.68
751 123.04 -363.61 4410.72
752 123.11 -393.60 4410.44
753 123.33 -423.62 4410.31
754 123.22 -453.45 4410.68
755 125.03 -480.44 4412.21
756 122.74 -513.34 4412.27
757 126.08 -540.69 4413.49
758 149.13 548.71 4402.23
759 147.14 521.84 4401.90
762 149.36 431.44 4400.17
763 149.51 402.29 4399.83
764 149.19 371.71 4399.45
765 148.85 341.61 4398.43
766 149.07 311.75 4398.95
767 149.21 281.85 4399.72
768 149.39 251.75 4399.58
769 149.34 221.71 4399.22
770 149.38 191.62 4399.08
771 149.14 161.73 4398.67
772 149.47 131.49 4397.95
773 149.32 101.58 4397.82
775 151.27 -108.37 4398.63
776 149.40 -134.23 4400.06
777 149.27 -172.37 4402.51
778 149.27 -198.37 4404.35
779 153.77 -230.37 4407.78
780 149.27 -258.37 4409.78
781 149.11 -284.62 4410.97
782 149.18 -318.69 4412.31
783 153.44 -352.04 4411.26
784 149.04 -378.54 4410.62
785 149.06 -408.79 4410.62
786 149.16 -436.48 4411.13
787 144.37 -467.51 4411.53
788 155.16 -502.37 4412.36
789 149.01 -528.41 4412.90
790 147.40 -556.23 4414.05
795 173.42 414.46 4399.98
796 172.35 379.29 4400.62
797 175.38 356.37 4400.57
798 175.05 326.76 4398.95
799 174.68 296.46 4399.37
800 175.17 266.63 4400.12
801 175.24 236.34 4399.36
802 175.21 206.50 4398.74
803 175.22 175.98 4398.93
804 175.27 146.40 4398.88
805 175.10 116.76 4398.51
806 175.53 86.40 4397.70
807 175.51 56.72 4397.38
808 181.58 29.86 4396.99
809 175.40 -93.31 4398.92
810 175.33 -123.19 4400.45
811 175.25 -153.37 4402.12
812 175.25 -183.37 4404.13
813 175.25 -213.37 4406.89
814 179.25 -239.37 4408.85
815 175.13 -273.69 4411.16
816 175.03 -303.75 4411.03
817 175.11 -333.43 4410.91
818 175.22 -363.67 4411.02
819 175.31 -393.72 4410.60
820 174.07 -422.79 4411.07
821 175.07 -453.64 4411.63
822 174.88 -483.54 4412.27
823 175.04 -513.64 4412.62
824 174.48 -542.93 4413.97
828 201.80 431.36 4400.30
829 201.77 401.45 4401.09
830 200.68 370.54 4399.54
831 201.17 340.26 4399.48
832 201.44 311.72 4399.35
833 201.32 281.57 4399.53
834 201.27 251.68 4399.60
835 201.19 221.74 4399.03
836 201.24 191.64 4398.86
837 196.29 161.65 4398.48
838 209.32 131.63 4400.39
839 209.94 101.34 4398.82
840 201.50 71.31 4398.78
841 201.31 41.48 4398.77
842 201.34 11.42 4397.59
843 201.33 -9.36 4397.48
844 201.37 -78.26 4398.70
845 201.23 -108.17 4399.70
846 201.24 -138.37 4401.38
847 201.24 -168.37 4403.04
848 201.24 -191.37 4405.53
849 201.24 -224.37 4408.28
850 201.07 -258.56 4410.17
851 201.02 -285.59 4410.95
852 196.52 -318.58 4410.65
853 201.44 -348.24 4411.01
854 200.20 -378.89 4410.81
855 203.60 -408.26 4410.96
856 200.91 -438.55 4411.78
857 196.90 -468.67 4411.70
858 199.03 -498.80 4412.38
859 201.07 -528.53 4412.56
862 229.73 448.33 4402.53
863 227.68 416.48 4401.65
864 227.34 374.64 4400.00
865 227.06 356.59 4399.80
866 227.36 326.59 4400.04
867 227.04 296.52 4399.58
868 227.59 266.36 4399.65
869 227.64 236.47 4399.44
870 227.66 206.42 4399.40
871 231.50 179.26 4399.51
872 227.32 146.62 4398.47
873 231.18 123.62 4398.46
874 227.49 86.43 4398.27
875 227.46 56.40 4398.83
876 227.50 26.33 4398.81
877 219.11 -3.14 4398.56
878 227.22 -33.37 4398.09
879 227.33 -63.22 4399.56
880 227.22 -93.37 4399.83
881 224.22 -126.37 4401.06
882 224.22 -149.37 4402.59
883 227.22 -183.37 4404.74
884 227.22 -213.37 4407.29
885 225.06 -243.48 4409.15
886 226.93 -273.18 4410.07
887 227.16 -303.63 4410.11
888 227.14 -332.97 4410.92
889 226.57 -363.52 4410.86
890 226.47 -392.63 4411.20
891 226.92 -423.60 4411.55
892 230.93 -452.24 4412.02
893 226.75 -483.38 4412.44
894 226.86 -513.62 4412.67
896 253.48 461.44 4402.70
897 253.53 431.49 4401.84
898 253.56 401.48 4401.62
899 253.34 371.66 4401.11
900 253.30 345.74 4400.69
901 253.38 311.72 4400.45
902 253.31 281.76 4399.64
903 253.20 251.27 4399.34
904 253.55 221.53 4399.62
905 253.59 191.33 4399.54
906 253.74 161.37 4398.88
907 253.20 131.63 4398.87
908 254.20 101.63 4398.75
909 253.20 71.63 4398.71
910 253.54 41.37 4399.16
911 253.20 20.63 4399.08
912 253.20 -18.37 4398.80
913 253.41 -48.28 4399.37
914 253.37 -78.34 4399.81
915 253.20 -112.87 4400.35
916 253.20 -138.37 4402.35
917 253.20 -168.37 4404.52
918 257.70 -196.37 4406.85
919 258.90 -227.88 4408.38
920 253.01 -258.55 4409.41
921 253.46 -288.72 4410.08
922 252.91 -317.99 4410.64
923 253.04 -348.59 4410.73
924 249.61 -378.83 4411.31
925 252.53 -408.70 4411.18
926 252.76 -438.42 4411.70
927 252.96 -468.80 4412.34
928 252.96 -498.55 4412.65
929 279.17 476.62 4402.60
930 285.38 446.74 4402.25
931 279.04 416.74 4401.76
932 279.21 386.71 4401.81
933 281.04 355.41 4401.67
934 279.18 326.63 4402.18
935 279.28 296.68 4401.44
936 282.17 266.70 4400.24
937 286.31 226.71 4400.39
938 279.65 206.30 4399.77
939 279.43 174.38 4398.94
940 279.56 146.51 4398.89
941 279.18 116.63 4398.92
942 279.18 86.63 4398.90
943 279.41 56.24 4399.08
944 279.18 22.63 4399.20
945 279.18 -3.37 4398.84
946 276.34 -33.26 4399.40
947 279.28 -63.26 4400.15
948 284.18 -93.37 4399.99
949 279.18 -123.37 4401.73
950 279.18 -153.37 4403.69
951 279.18 -183.37 4406.08
952 277.33 -219.71 4407.60
953 279.23 -243.63 4408.65
954 278.67 -273.10 4409.76
955 278.69 -303.17 4410.62
956 279.27 -329.53 4410.66
957 273.39 -363.81 4411.04
958 278.99 -393.60 4411.05
959 284.52 -423.04 4412.23
960 279.04 -453.63 4411.85
961 278.31 -482.94 4412.32
962 305.30 461.57 4402.64
963 308.07 435.68 4401.96
964 305.10 401.68 4402.02
965 305.09 371.66 4401.79
966 305.30 341.70 4401.91
967 305.37 311.77 4401.94
968 305.22 281.86 4401.58
969 305.12 251.70 4401.29
970 305.47 222.18 4399.98
971 305.28 181.21 4399.32
972 305.74 157.32 4399.06
973 305.45 131.43 4399.05
974 305.16 101.63 4399.89
975 305.16 71.63 4399.62
976 305.16 41.63 4399.54
977 305.16 11.63 4399.27
978 305.38 -18.32 4399.48
979 305.34 -48.34 4400.63
980 305.16 -78.37 4400.40
981 296.16 -108.37 4400.93
982 305.16 -142.87 4404.30
983 305.16 -168.37 4405.87
984 304.90 -198.16 4406.35
985 300.71 -228.43 4408.10
986 304.96 -254.42 4409.35
987 304.83 -292.11 4409.60
988 300.96 -319.15 4410.35
989 305.95 -346.26 4410.53
990 304.71 -378.26 4410.97
991 308.82 -405.36 4411.20
992 303.15 -441.08 4412.58
993 305.08 -468.51 4412.34
994 331.10 446.76 4401.53
995 328.01 422.68 4402.15
996 333.90 393.39 4402.32
997 335.29 356.58 4402.05
998 331.26 326.63 4401.91
999 331.15 296.73 4401.81
1000 331.18 256.67 4401.64
1001 335.14 236.63 4400.98
1002 322.33 206.41 4399.71
1003 331.14 176.63 4400.48
1004 331.14 146.63 4400.29
1005 331.14 116.63 4399.57
1006 331.14 86.63 4399.45
1007 331.14 56.63 4399.44
1008 331.14 26.63 4399.63
1009 331.27 -3.24 4400.04
1010 331.32 -25.32 4399.98
1011 331.14 -60.37 4400.18
1012 331.14 -90.37 4401.04
1013 331.14 -123.37 4403.49
1014 333.14 -155.37 4405.43
1015 327.43 -183.43 4406.12
1016 330.99 -213.73 4407.56
1017 332.27 -243.21 4408.48
1018 330.66 -269.57 4409.29
1019 330.19 -303.77 4409.85
1020 334.48 -324.81 4409.96
1021 331.09 -360.36 4411.02
1022 331.02 -386.73 4411.17
1023 328.20 -426.82 4411.88
1024 330.98 -453.52 4412.46
1025 357.24 431.59 4402.39
1026 363.27 401.55 4402.04
1027 362.22 371.74 4401.93
1028 357.16 341.78 4401.67
1029 357.18 311.65 4401.82
1030 357.12 281.63 4402.46
1031 357.12 245.63 4401.58
1032 352.12 224.63 4400.54
1033 357.45 199.69 4400.36
1034 357.12 161.63 4400.62
1035 357.12 131.63 4399.88
1036 357.12 101.63 4400.39
1037 357.12 71.63 4399.83
1038 357.12 41.63 4400.61
1039 357.13 11.68 4399.80
1040 357.21 -18.14 4400.50
1041 352.12 -51.37 4400.22
1042 360.12 -83.37 4401.62
1043 357.12 -108.37 4403.73
1044 361.62 -134.37 4405.12
1045 362.74 -165.14 4405.79
1046 356.62 -197.75 4406.94
1047 357.27 -228.30 4407.61
1048 363.92 -251.18 4408.56
1049 356.80 -290.36 4408.97
1050 356.98 -313.49 4409.41
1051 362.83 -348.45 4410.81
1052 358.21 -378.59 4411.38
1053 363.97 -408.67 4411.19
1054 356.96 -438.92 4412.26
1055 383.32 416.71 4402.37
1056 382.99 388.92 4402.02
1057 383.31 356.61 4402.05
1058 383.18 326.71 4402.00
1059 383.32 296.73 4402.04
1060 383.10 266.63 4401.30
1061 383.10 236.63 4401.30
1062 389.35 200.75 4401.33
1063 385.20 173.09 4400.13
1064 383.10 146.63 4401.43
1065 383.10 116.63 4401.54
1066 383.10 86.63 4401.10
1067 383.10 56.63 4400.70
1068 383.19 26.76 4400.59
1069 383.83 -3.71 4400.54
1070 383.10 -33.37 4400.43
1071 382.10 -62.37 4401.19
1072 385.10 -91.37 4403.47
1073 383.10 -120.37 4404.25
1074 379.87 -155.35 4405.10
1075 386.26 -187.62 4406.78
1076 382.91 -219.45 4407.48
1077 383.07 -241.09 4408.26
1078 382.86 -273.52 4408.88
1079 383.09 -299.32 4408.91
1080 378.62 -335.66 4410.70
1081 381.03 -359.66 4410.75
1082 382.60 -397.26 4411.67
1083 379.78 -423.90 4411.89
1084 409.07 401.76 4402.35
1085 409.09 371.80 4402.04
1086 409.08 341.63 4402.55
1087 409.08 311.63 4403.05
1088 409.08 281.63 4401.33
1089 409.08 251.63 4402.97
1090 409.35 216.56 4401.29
1091 414.25 189.64 4401.33
1092 414.15 157.91 4402.35
1093 420.85 131.64 4404.57
1094 407.08 99.63 4403.16
1095 409.08 71.63 4401.89
1096 409.08 41.63 4400.66
1097 409.33 11.94 4400.71
1098 406.08 -12.37 4400.52
1099 409.08 -51.37 4401.25
1100 409.08 -75.37 4401.83
1101 417.08 -108.37 4403.54
1102 416.23 -138.31 4403.86
1103 408.48 -166.73 4404.92
1104 409.31 -198.47 4406.64
1105 408.86 -228.40 4407.35
1106 408.73 -258.51 4408.15
1107 405.90 -288.59 4408.71
1108 408.48 -318.35 4409.60
1109 409.14 -344.53 4410.25
1110 409.06 -376.69 4410.50
1111 410.80 -407.24 4412.00
1112 435.06 356.63 4402.78
1113 435.06 326.63 4401.71
1114 435.06 296.63 4401.64
1115 435.06 266.63 4402.05
1116 431.06 243.63 4401.57
1117 435.06 206.63 4400.88
1118 435.06 176.63 4402.28
1119 435.06 146.63 4401.75
1120 439.06 116.63 4402.37
1121 442.06 83.63 4401.12
1122 447.22 59.75 4400.94
1123 435.25 26.83 4400.80
1124 435.06 -0.37 4400.92
1125 434.96 -33.37 4401.25
1126 439.06 -63.37 4401.74
1127 435.06 -93.37 4402.43
1128 431.83 -123.51 4403.56
1129 435.90 -158.41 4405.60
1130 434.95 -183.55 4406.18
1131 434.88 -213.46 4406.42
1132 435.79 -243.57 4407.40
1133 434.31 -278.30 4408.57
1134 429.48 -305.32 4408.97
1135 434.79 -328.46 4409.42
1136 433.01 -363.01 4409.69
1137 461.04 341.63 4402.52
1138 461.04 311.63 4401.86
1139 461.04 281.63 4401.69
1140 461.04 260.63 4401.49
1141 461.13 221.84 4401.83
1142 461.04 191.63 4402.00
1143 461.04 161.63 4401.98
1144 468.04 134.63 4402.12
1145 461.04 97.13 4402.38
1146 461.62 71.73 4401.35
1147 461.24 41.67 4401.14
1148 461.04 11.63 4401.06
1149 461.04 -18.37 4401.33
1150 461.04 -48.37 4402.05
1151 458.04 -74.37 4402.26
1152 458.00 -108.58 4402.97
1153 455.91 -137.77 4403.85
1154 460.63 -168.41 4405.51
1155 462.61 -198.73 4406.11
1156 460.61 -229.26 4406.62
1157 460.89 -258.51 4407.93
1158 460.71 -284.67 4408.19
1159 459.12 -313.73 4408.96
1160 460.98 -355.45 4409.58
1161 487.02 296.63 4402.35
1162 487.02 266.63 4401.95
1163 487.24 236.64 4401.84
1164 482.09 204.93 4401.77
1165 490.26 180.92 4401.81
1166 484.02 142.63 4402.31
1167 487.02 119.63 4402.36
1168 484.02 86.63 4401.31
1169 485.20 54.81 4401.96
1170 487.02 31.13 4401.50
1171 481.02 0.63 4401.38
1172 489.02 -32.37 4401.74
1173 486.02 -62.37 4402.20
1174 487.05 -93.44 4402.30
1175 484.82 -120.01 4403.39
1176 479.10 -153.25 4404.86
1177 482.93 -179.84 4405.48
1178 486.31 -210.80 4406.00
1179 486.77 -243.40 4407.06
1180 486.87 -273.55 4407.74
1181 486.84 -296.53 4408.42
1182 513.00 251.63 4401.75
1183 513.00 221.63 4401.91
1184 513.17 191.66 4402.07
1185 513.00 161.63 4402.29
1186 513.00 131.63 4402.63
1187 515.00 101.63 4402.59
1188 502.53 67.06 4403.75
1193 512.59 -78.28 4402.52
1194 513.31 -108.44 4403.23
1195 514.93 -138.37 4403.94
1196 506.97 -168.74 4404.98
1197 512.91 -198.90 4405.57
1198 517.73 -222.22 4406.07
1199 503.86 -263.44 4407.39
1200 538.98 206.63 4402.55
1201 538.98 176.63 4402.53
1202 543.98 146.63 4403.74
1203 546.98 116.63 4402.71
1204 532.98 86.63 4402.57
1205 528.11 55.31 4403.05
1210 538.94 -93.68 4403.35
1211 546.46 -118.14 4403.72
1212 540.98 -153.55 4404.73
1214 564.97 101.63 4402.21
1215 564.97 71.63 4402.76
1216 574.97 46.13 4402.84
1221 564.02 -109.20 4403.62
1222 -58.56 -198.36 4395.36
1223 -32.52 -183.33 4395.38
1224 -6.54 -168.30 4395.83
1225 19.38 -153.36 4395.87
1226 45.35 -138.35 4395.97
1227 71.42 -123.32 4396.27
1228 94.71 -109.87 4396.27
1229 123.29 -93.37 4398.12
1230 149.27 -78.37 4397.44
1231 175.25 -63.37 4397.55
1232 201.23 -48.37 4398.71
1233 -58.48 581.63 4401.57
1234 -6.64 581.61 4400.91
1235 45.82 581.16 4400.15
1236 -162.50 -558.37 4398.67
1237 -143.80 -75.31 4393.95
1238 -170.73 -23.13 4393.80
1239 -543.32 174.89 4400.13
